 <pre>

 Contingency table for Cloud cover (octas)
 Selection: MCVEGP1gt075    288 stations
Period: 20220702-20220709
Used {00,12} + 01 02 ... 48
 Limits   0.500000000       1.50000000       2.50000000       3.50000000       4.50000000       5.50000000       6.50000000       7.50000000    
 Each class is data <= limit, the very last > last limit
 Total number of values       46214
                                                       OBSERVATION
                                   3001     1281     1242     1032      613      934     1097      997     1303 |     11500
                                    286      250      221      226      168      270      353      458      537 |      2769
                                    148      123      107      176      111      198      259      263      368 |      1753
                                    111      123       91      127       81      142      213      229      289 |      1406
                      SamuelPR      112      116      104      113       89      143      210      256      312 |      1455
                                    133      113      121      142       90      154      204      253      343 |      1553
                                    156      137      113      141      103      187      280      327      439 |      1883
                                    240      222      196      228      147      300      431      597      775 |      3136
                                    775      884      676      995      679     1412     2173     4947     8218 |     20759

                    SUM            4962     3249     2871     3180     2081     3740     5220     8327    12584 |     46214
                                                       OBSERVATION
                                   2973     1276     1243     1090      612      894     1077      988     1291 |     11444
                                    261      242      222      217      151      277      367      398      539 |      2674
                                    152      150      126      142      105      205      243      251      348 |      1722
                                    107      104      100      126       98      176      199      246      312 |      1468
                  SamuelPR_RSL      136      112      106      124       91      143      181      255      314 |      1462
                                    126      116       96      124       94      132      235      257      339 |      1519
                                    164      144      127      141       94      174      286      368      425 |      1923
                                    242      223      187      227      166      325      430      623      767 |      3190
                                    801      882      664      989      670     1414     2202     4941     8249 |     20812

                    SUM            4962     3249     2871     3180     2081     3740     5220     8327    12584 |     46214
                                                       OBSERVATION
                                   2996     1260     1276     1047      604      906     1080     1016     1323 |     11508
                                    284      244      192      249      183      286      323      440      527 |      2728
                                    138      145      119      122       94      190      269      272      349 |      1698
                                    112      117       99      109       71      164      209      224      333 |      1438
           SamuelPR_RSL_forest      127      123      109      137       99      145      220      259      284 |      1503
                                    121      111       96      131       99      168      239      310      322 |      1597
                                    174      133      123      148      110      200      269      334      408 |      1899
                                    251      220      182      228      162      284      451      600      814 |      3192
                                    759      896      675     1009      659     1397     2160     4872     8224 |     20651

                    SUM            4962     3249     2871     3180     2081     3740     5220     8327    12584 |     46214
                                                       OBSERVATION
                                   3029     1282     1261     1040      612      901     1086      987     1299 |     11497
                                    274      235      233      254      182      319      367      414      543 |      2821
                                    140      151      116      143       88      184      253      295      332 |      1702
                                    123      106      100      125       81      159      210      252      311 |      1467
           SamPR_RSL_lowvegoff      122      105       98      133       92      127      187      258      313 |      1435
                                    132      106      101      121       96      150      219      281      352 |      1558
                                    146      132      123      146      109      185      265      360      455 |      1921
                                    235      225      179      233      157      280      442      572      766 |      3089
                                    761      907      660      985      664     1435     2191     4908     8213 |     20724

                    SUM            4962     3249     2871     3180     2081     3740     5220     8327    12584 |     46214

