 <pre>

 Contingency table for Rh2m (%)
 Selection: below_300m    908 stations
Period: 20220702-20220709
Used {00,12} + 00 01 ... 48
 Limits    30.0000000       50.0000000       65.0000000       75.0000000       85.0000000       95.0000000       100.000000    
 Each class is data <= limit, the very last > last limit
 Total number of values      183563
                                              OBSERVATION
                                    160      902      102       14       11        2        0        0 |      1191
                                    144    12623     6527      957      389      169       30        0 |     20839
                                      5     4280    21025     9557     3011     1272      204        0 |     39354
 cy46h_SURFEX_offline_SamuelPR        0      476     6574    14350    10205     3490      624        0 |     35719
                                      1      158     1961     6743    15727    10014     1852        0 |     36456
                                      0       50      684     2074     8369    19678     6947        0 |     37802
                                      0        0       38      185      893     4493     6462        0 |     12071
                                      0        0        0        3       24       39       65        0 |       131

                    SUM             310    18489    36911    33883    38629    39157    16184        0 |    183563
                                              OBSERVATION
                                    151      928       98       12       10        1        0        0 |      1200
                                    154    12779     6782     1017      406      191       26        0 |     21355
                                      4     4107    20883     9463     3050     1282      216        0 |     39005
cy46h_SURFEX_offline_SamuelPR_        1      450     6459    14347    10028     3346      602        0 |     35233
                                      0      159     1987     6748    15542     9613     1724        0 |     35773
                                      0       64      663     2089     8425    19165     6336        0 |     36742
                                      0        2       39      204     1136     5486     7112        0 |     13979
                                      0        0        0        3       32       73      168        0 |       276

                    SUM             310    18489    36911    33883    38629    39157    16184        0 |    183563
                                              OBSERVATION
                                    154      881       98        8       12        1        0        0 |      1154
                                    153    12821     6778     1001      408      173       29        0 |     21363
                                      2     4155    20904     9538     3050     1327      209        0 |     39185
cy46h_SURFEX_offline_SamuelPR_        1      425     6493    14372    10184     3375      596        0 |     35446
                                      0      143     1954     6738    15755     9994     1806        0 |     36390
                                      0       61      641     2047     8221    19439     6675        0 |     37084
                                      0        3       43      175      963     4789     6748        0 |     12721
                                      0        0        0        4       36       59      121        0 |       220

                    SUM             310    18489    36911    33883    38629    39157    16184        0 |    183563
                                              OBSERVATION
                                    180     1227      149       22       12        2        0        0 |      1592
                                    127    13191     7837     1219      461      199       34        0 |     23068
                                      3     3495    20466     9898     3202     1369      221        0 |     38654
cy46h_sfxoff_SamPR_RSL_lowvego        0      378     6065    14189    10348     3565      666        0 |     35211
                                      0      158     1772     6490    15649    10013     1826        0 |     35908
                                      0       39      588     1905     8022    19329     6663        0 |     36546
                                      0        1       34      155      906     4600     6594        0 |     12290
                                      0        0        0        5       29       80      180        0 |       294

                    SUM             310    18489    36911    33883    38629    39157    16184        0 |    183563

