 <pre>

 Contingency table for Visibility (m)
 Selection: ALL    710 stations
Period: 20220702-20220709
Used {00,12} + 00 01 ... 48
 Limits    1000.00000       5000.00000       10000.0000       20000.0000    
 Each class is data <= limit, the very last > last limit
 Total number of values      137422
                                     OBSERVATION
                                    114       68       52      134       59 |       427
                                    269     1018     1257     2711     3039 |      8294
                      SamuelPR      186      641     1317     3503     6607 |     12254
                                    173      843     2482     8425    22467 |     34390
                                    189      809     4352    17683    59024 |     82057

                    SUM             931     3379     9460    32456    91196 |    137422
                                     OBSERVATION
                                    120       73       61      165       75 |       494
                                    307     1126     1438     3198     3773 |      9842
                  SamuelPR_RSL      154      587     1257     3335     6352 |     11685
                                    164      804     2367     8219    22111 |     33665
                                    186      789     4337    17539    58885 |     81736

                    SUM             931     3379     9460    32456    91196 |    137422
                                     OBSERVATION
                                    124       71       59      160       75 |       489
                                    298     1044     1303     2968     3291 |      8904
           SamuelPR_RSL_forest      162      647     1355     3408     6467 |     12039
                                    166      817     2351     8379    22254 |     33967
                                    181      800     4392    17541    59109 |     82023

                    SUM             931     3379     9460    32456    91196 |    137422
                                     OBSERVATION
                                    106       65       55      140       74 |       440
                                    294     1030     1297     2820     3233 |      8674
           SamPR_RSL_lowvegoff      165      669     1256     3346     6181 |     11617
                                    188      808     2402     8181    21793 |     33372
                                    178      807     4450    17969    59915 |     83319

                    SUM             931     3379     9460    32456    91196 |    137422

