 <pre>

 Contingency table for Cloud cover (octas)
 Selection: ALL    620 stations
Period: 20220702-20220709
Used {00,12} + 01 02 ... 48
 Limits   0.500000000       1.50000000       2.50000000       3.50000000       4.50000000       5.50000000       6.50000000       7.50000000    
 Each class is data <= limit, the very last > last limit
 Total number of values      100884
                                                       OBSERVATION
                                   7830     3066     2699     2192     1393     2073     2422     2191     2712 |     26578
                                    765      515      500      497      363      579      787      936     1078 |      6020
                                    379      270      246      318      231      390      534      572      702 |      3642
                                    302      249      199      274      194      305      413      488      559 |      2983
                      SamuelPR      298      247      218      256      198      340      419      569      632 |      3177
                                    299      224      255      291      206      330      447      555      698 |      3305
                                    376      323      255      320      208      390      611      767      895 |      4145
                                    598      455      410      483      384      630      975     1265     1616 |      6816
                                   1843     1829     1449     1840     1460     2862     4728    10438    17769 |     44218

                    SUM           12690     7178     6231     6471     4637     7899    11336    17781    26661 |    100884
                                                       OBSERVATION
                                   7799     3059     2734     2250     1382     2063     2398     2213     2680 |     26578
                                    707      490      478      494      346      553      781      854     1036 |      5739
                                    373      301      270      278      226      394      501      553      653 |      3549
                                    314      235      190      259      204      363      421      508      622 |      3116
                  SamuelPR_RSL      318      209      220      264      182      320      390      557      633 |      3093
                                    285      248      239      261      212      310      484      574      694 |      3307
                                    396      300      302      331      225      399      638      803      904 |      4298
                                    613      475      396      472      402      634      963     1336     1616 |      6907
                                   1885     1861     1402     1862     1458     2863     4760    10383    17823 |     44297

                    SUM           12690     7178     6231     6471     4637     7899    11336    17781    26661 |    100884
                                                       OBSERVATION
                                   7851     3030     2726     2208     1353     2031     2398     2197     2739 |     26533
                                    737      529      453      504      397      579      724      900     1065 |      5888
                                    364      281      253      292      206      383      535      596      671 |      3581
                                    288      246      223      247      184      359      438      520      606 |      3111
           SamuelPR_RSL_forest      313      249      237      281      195      310      461      564      594 |      3204
                                    274      223      217      273      239      339      483      619      659 |      3326
                                    393      302      291      318      235      452      604      754      870 |      4219
                                    618      447      402      476      360      597     1000     1290     1706 |      6896
                                   1852     1871     1429     1872     1468     2849     4693    10341    17751 |     44126

                    SUM           12690     7178     6231     6471     4637     7899    11336    17781    26661 |    100884
                                                       OBSERVATION
                                   7971     3039     2723     2183     1386     2029     2384     2170     2675 |     26560
                                    688      500      494      533      390      633      784      867     1074 |      5963
                                    370      291      263      288      202      388      499      595      673 |      3569
                                    306      246      200      274      169      323      450      502      583 |      3053
           SamPR_RSL_lowvegoff      292      238      223      265      187      309      408      598      626 |      3146
                                    282      227      232      257      207      346      469      600      708 |      3328
                                    370      299      274      322      247      408      609      774      929 |      4232
                                    622      481      387      489      372      612      983     1263     1610 |      6819
                                   1789     1857     1435     1860     1477     2851     4750    10412    17783 |     44214

                    SUM           12690     7178     6231     6471     4637     7899    11336    17781    26661 |    100884

