 <pre>

 Contingency table for Rh2m (%)
 Selection: MCVEGP1gt075    494 stations
Period: 20220702-20220709
Used {00,12} + 00 01 ... 48
 Limits    30.0000000       50.0000000       65.0000000       75.0000000       85.0000000       95.0000000       100.000000    
 Each class is data <= limit, the very last > last limit
 Total number of values      100704
                                              OBSERVATION
                                     58      374       53        6        3        1        0        0 |       495
                                    104     6172     3186      413      187       79       23        0 |     10164
                                      5     2989    11791     4483     1529      691      124        0 |     21612
                      SamuelPR        0      379     4304     6693     4774     1745      361        0 |     18256
                                      1      120     1416     3678     7144     4827     1021        0 |     18207
                                      0       42      564     1546     5204    10593     4477        0 |     22426
                                      0        0       35      127      833     3480     4984        0 |      9459
                                      0        0        0        0        1       21       63        0 |        85

                    SUM             168    10076    21349    16946    19675    21437    11053        0 |    100704
                                              OBSERVATION
                                     54      355       48        7        3        1        0        0 |       468
                                    106     6311     3295      459      200       98       22        0 |     10491
                                      7     2878    11818     4507     1567      673      131        0 |     21581
                  SamuelPR_RSL        1      359     4131     6689     4745     1700      347        0 |     17972
                                      0      124     1479     3663     7117     4719      984        0 |     18086
                                      0       48      541     1478     5095    10322     4103        0 |     21587
                                      0        1       37      143      940     3877     5303        0 |     10301
                                      0        0        0        0        8       47      163        0 |       218

                    SUM             168    10076    21349    16946    19675    21437    11053        0 |    100704
                                              OBSERVATION
                                     54      342       55        5        3        0        0        0 |       459
                                    108     6286     3319      448      204       85       23        0 |     10473
                                      5     2927    11706     4505     1581      692      127        0 |     21543
           SamuelPR_RSL_forest        1      355     4268     6706     4792     1709      342        0 |     18173
                                      0      116     1420     3696     7226     4856     1022        0 |     18336
                                      0       49      548     1460     4993    10479     4304        0 |     21833
                                      0        1       33      126      872     3577     5113        0 |      9722
                                      0        0        0        0        4       39      122        0 |       165

                    SUM             168    10076    21349    16946    19675    21437    11053        0 |    100704
                                              OBSERVATION
                                     69      502       69       12        2        2        0        0 |       656
                                     93     6677     4019      580      243      100       27        0 |     11739
                                      6     2439    11620     4808     1702      745      148        0 |     21468
           SamPR_RSL_lowvegoff        0      300     3808     6626     4957     1853      401        0 |     17945
                                      0      124     1280     3493     7147     4891     1029        0 |     17964
                                      0       34      527     1317     4822    10449     4348        0 |     21497
                                      0        0       26      109      798     3361     4948        0 |      9242
                                      0        0        0        1        4       36      152        0 |       193

                    SUM             168    10076    21349    16946    19675    21437    11053        0 |    100704

