 <pre>

 Contingency table for Rh2m (%)
 Selection: MCPATCH1gt075    320 stations
Period: 20220702-20220709
Used {00,12} + 00 01 ... 48
 Limits    30.0000000       50.0000000       65.0000000       75.0000000       85.0000000       95.0000000       100.000000    
 Each class is data <= limit, the very last > last limit
 Total number of values       64389
                                              OBSERVATION
                                     51      236       12        4        2        1        0        0 |       306
                                     41     3963     1935      322       92       49        2        0 |      6404
                                      3     1350     7570     3314      999      373       54        0 |     13663
 cy46h_SURFEX_offline_SamuelPR        0      133     2304     5091     3829     1259      171        0 |     12787
                                      0       46      624     2131     5559     3568      543        0 |     12471
                                      0       15      183      650     2925     7244     2433        0 |     13450
                                      0        0       24       64      444     1936     2799        0 |      5267
                                      0        0        0        0        1        6       34        0 |        41

                    SUM              95     5743    12652    11576    13851    14436     6036        0 |     64389
                                              OBSERVATION
                                     48      276       16        3        2        1        0        0 |       346
                                     44     4037     2059      342      100       50        3        0 |      6635
                                      3     1249     7477     3318      958      374       45        0 |     13424
cy46h_SURFEX_offline_SamuelPR_        0      120     2277     5009     3738     1159      164        0 |     12467
                                      0       41      607     2149     5528     3403      484        0 |     12212
                                      0       20      186      682     2936     6917     2107        0 |     12848
                                      0        0       30       73      585     2515     3155        0 |      6358
                                      0        0        0        0        4       17       78        0 |        99

                    SUM              95     5743    12652    11576    13851    14436     6036        0 |     64389
                                              OBSERVATION
                                     51      247       16        3        3        0        0        0 |       320
                                     43     4023     2040      330       89       47        1        0 |      6573
                                      1     1304     7516     3338      978      393       51        0 |     13581
cy46h_SURFEX_offline_SamuelPR_        0      112     2253     5060     3798     1170      154        0 |     12547
                                      0       41      632     2117     5595     3522      511        0 |     12418
                                      0       14      167      673     2914     7174     2334        0 |     13276
                                      0        2       28       55      472     2117     2945        0 |      5619
                                      0        0        0        0        2       13       40        0 |        55

                    SUM              95     5743    12652    11576    13851    14436     6036        0 |     64389
                                              OBSERVATION
                                     57      390       40        8        3        2        0        0 |       500
                                     36     4172     2431      417      126       57        1        0 |      7240
                                      2     1014     7406     3493     1042      410       62        0 |     13429
cy46h_sfxoff_SamPR_RSL_lowvego        0      105     2064     4986     3842     1287      180        0 |     12464
                                      0       51      524     1978     5607     3518      515        0 |     12193
                                      0       10      163      634     2774     7023     2263        0 |     12867
                                      0        1       24       57      453     2104     2934        0 |      5573
                                      0        0        0        3        4       35       81        0 |       123

                    SUM              95     5743    12652    11576    13851    14436     6036        0 |     64389

