 <pre>

 Contingency table for Visibility (m)
 Selection: below_300m    638 stations
Period: 20220702-20220709
Used {00,12} + 00 01 ... 48
 Limits    1000.00000       5000.00000       10000.0000       20000.0000    
 Each class is data <= limit, the very last > last limit
 Total number of values      123049
                                     OBSERVATION
                                     70       57       29       99       34 |       289
                                    228      959     1105     2438     2233 |      6963
                      SamuelPR      168      613     1161     3274     5682 |     10898
                                    161      819     2227     7792    19548 |     30547
                                    182      784     4132    16795    52459 |     74352

                    SUM             809     3232     8654    30398    79956 |    123049
                                     OBSERVATION
                                     78       65       42      129       39 |       353
                                    261     1067     1282     2901     2899 |      8410
                  SamuelPR_RSL      140      557     1098     3073     5524 |     10392
                                    151      775     2100     7644    19170 |     29840
                                    179      768     4132    16651    52324 |     74054

                    SUM             809     3232     8654    30398    79956 |    123049
                                     OBSERVATION
                                     81       63       35      126       37 |       342
                                    252      982     1170     2689     2474 |      7567
           SamuelPR_RSL_forest      144      622     1183     3166     5637 |     10752
                                    156      786     2102     7738    19261 |     30043
                                    176      779     4164    16679    52547 |     74345

                    SUM             809     3232     8654    30398    79956 |    123049
                                     OBSERVATION
                                     63       57       38      113       38 |       309
                                    252      965     1154     2569     2485 |      7425
           SamPR_RSL_lowvegoff      148      642     1094     3104     5352 |     10340
                                    176      782     2131     7541    18948 |     29578
                                    170      786     4237    17071    53133 |     75397

                    SUM             809     3232     8654    30398    79956 |    123049

