 <pre>

 Contingency table for Visibility (m)
 Selection: MCPATCH2gt075    136 stations
Period: 20220702-20220709
Used {00,12} + 00 01 ... 48
 Limits    1000.00000       5000.00000       10000.0000       20000.0000    
 Each class is data <= limit, the very last > last limit
 Total number of values       26064
                                     OBSERVATION
                                     45        7        6        9       10 |        77
                                     73      237      253      535     1012 |      2110
 cy46h_SURFEX_offline_SamuelPR       56       73      138      438     1359 |      2064
                                     85       81      324     1139     3836 |      5465
                                     85      122      723     3193    12225 |     16348

                    SUM             344      520     1444     5314    18442 |     26064
                                     OBSERVATION
                                     45        7        7       16       15 |        90
                                     86      237      245      579     1112 |      2259
cy46h_SURFEX_offline_SamuelPR_       41       68      144      412     1230 |      1895
                                     86       85      311     1090     3784 |      5356
                                     86      123      737     3217    12301 |     16464

                    SUM             344      520     1444     5314    18442 |     26064
                                     OBSERVATION
                                     45        6        6       14       14 |        85
                                     88      233      237      545     1041 |      2144
cy46h_SURFEX_offline_SamuelPR_       47       73      166      418     1233 |      1937
                                     80       84      298     1141     3847 |      5450
                                     84      124      737     3196    12307 |     16448

                    SUM             344      520     1444     5314    18442 |     26064
                                     OBSERVATION
                                     46        6        6        9       20 |        87
                                     76      230      241      502      999 |      2048
cy46h_sfxoff_SamPR_RSL_lowvego       52       76      152      425     1200 |      1905
                                     90       87      293     1104     3721 |      5295
                                     80      121      752     3274    12502 |     16729

                    SUM             344      520     1444     5314    18442 |     26064

