 <pre>

 Contingency table for Rh2m (%)
 Selection: ALL   1043 stations
Period: 20220702-20220709
Used {00,12} + 00 01 ... 48
 Limits    30.0000000       50.0000000       65.0000000       75.0000000       85.0000000       95.0000000       100.000000    
 Each class is data <= limit, the very last > last limit
 Total number of values      211522
                                              OBSERVATION
                                    162      950      103       15       11        2        0        0 |      1243
                                    166    13859     6920     1009      407      177       31        0 |     22569
                                      6     5305    23749    10228     3308     1376      217        0 |     44189
 cy46h_SURFEX_offline_SamuelPR        0      651     8233    15945    11016     3747      667        0 |     40259
                                      1      208     2603     8280    17438    10776     2027        0 |     41333
                                      0       65      937     2957    10631    22425     7998        0 |     45013
                                      0        0       65      285     1722     6298     8310        0 |     16680
                                      0        0        0        3       27       71      135        0 |       236

                    SUM             335    21038    42610    38722    44560    44872    19385        0 |    211522
                                              OBSERVATION
                                    152      981      100       13       10        1        0        0 |      1257
                                    175    14046     7191     1071      420      202       26        0 |     23131
                                      7     5115    23603    10159     3353     1383      232        0 |     43852
cy46h_SURFEX_offline_SamuelPR_        1      607     8065    15914    10852     3593      648        0 |     39680
                                      0      208     2667     8316    17234    10368     1898        0 |     40691
                                      0       79      920     2924    10664    21849     7335        0 |     43771
                                      0        2       64      322     1986     7355     8976        0 |     18705
                                      0        0        0        3       41      121      270        0 |       435

                    SUM             335    21038    42610    38722    44560    44872    19385        0 |    211522
                                              OBSERVATION
                                    155      928      100        9       12        1        0        0 |      1205
                                    174    14066     7194     1054      428      182       30        0 |     23128
                                      5     5176    23578    10225     3363     1434      225        0 |     44006
cy46h_SURFEX_offline_SamuelPR_        1      594     8185    15947    10974     3630      649        0 |     39980
                                      0      196     2615     8340    17546    10777     1982        0 |     41456
                                      0       75      879     2863    10417    22191     7760        0 |     44185
                                      0        3       59      280     1781     6558     8531        0 |     17212
                                      0        0        0        4       39       99      208        0 |       350

                    SUM             335    21038    42610    38722    44560    44872    19385        0 |    211522
                                              OBSERVATION
                                    182     1292      154       24       16        2        0        0 |      1670
                                    147    14558     8339     1279      480      211       35        0 |     25049
                                      6     4403    23326    10682     3535     1476      244        0 |     43672
cy46h_sfxoff_SamPR_RSL_lowvego        0      528     7528    15797    11213     3829      717        0 |     39612
                                      0      199     2371     8001    17461    10818     1997        0 |     40847
                                      0       57      834     2672    10175    22167     7735        0 |     43640
                                      0        1       58      257     1637     6245     8389        0 |     16587
                                      0        0        0       10       43      124      268        0 |       445

                    SUM             335    21038    42610    38722    44560    44872    19385        0 |    211522

