 <pre>

 Contingency table for Visibility (m)
 Selection: MCVEGP1gt075    333 stations
Period: 20220702-20220709
Used {00,12} + 00 01 ... 48
 Limits    1000.00000       5000.00000       10000.0000       20000.0000    
 Each class is data <= limit, the very last > last limit
 Total number of values       65302
                                     OBSERVATION
                                     56       36       33       80       33 |       238
                                    175      645      804     1788     1929 |      5341
                      SamuelPR      109      302      656     1885     3095 |      6047
                                    119      373     1209     4341    10317 |     16359
                                    107      328     2032     8674    26176 |     37317

                    SUM             566     1684     4734    16768    41550 |     65302
                                     OBSERVATION
                                     62       33       36      106       49 |       286
                                    199      711      888     2038     2238 |      6074
                  SamuelPR_RSL       88      258      648     1797     2947 |      5738
                                    112      357     1128     4221    10158 |     15976
                                    105      325     2034     8606    26158 |     37228

                    SUM             566     1684     4734    16768    41550 |     65302
                                     OBSERVATION
                                     65       40       36      103       51 |       295
                                    191      666      829     1936     2067 |      5689
           SamuelPR_RSL_forest       97      293      685     1801     3011 |      5887
                                    110      360     1124     4335    10203 |     16132
                                    103      325     2060     8593    26218 |     37299

                    SUM             566     1684     4734    16768    41550 |     65302
                                     OBSERVATION
                                     56       33       33       85       49 |       256
                                    184      656      817     1856     1979 |      5492
           SamPR_RSL_lowvegoff      103      303      644     1772     2857 |      5679
                                    125      352     1124     4146     9903 |     15650
                                     98      340     2116     8909    26762 |     38225

                    SUM             566     1684     4734    16768    41550 |     65302

