 <pre>

 Contingency table for Cloud cover (octas)
 Selection: Scandinavia    341 stations
Period: 20220702-20220709
Used {00,12} + 01 02 ... 48
 Limits   0.500000000       1.50000000       2.50000000       3.50000000       4.50000000       5.50000000       6.50000000       7.50000000    
 Each class is data <= limit, the very last > last limit
 Total number of values       54259
                                                       OBSERVATION
                                   5077     1802     1176     1147      736     1005      953     1316     1180 |     14392
                                    527      377      241      295      180      288      343      556      473 |      3280
                                    265      197      119      198      129      199      219      370      324 |      2020
                                    196      184      111      159       99      171      187      291      222 |      1620
                      SamuelPR      213      180      117      142      116      181      185      338      238 |      1710
                                    210      169      124      170      113      179      184      305      301 |      1755
                                    241      228      124      174      106      205      246      436      356 |      2116
                                    371      342      193      278      181      340      376      687      626 |      3394
                                   1302     1518      843     1280      987     1772     2173     6374     7723 |     23972

                    SUM            8402     4997     3048     3843     2647     4340     4866    10673    11443 |     54259
                                                       OBSERVATION
                                   5096     1807     1183     1194      734     1004      956     1318     1166 |     14458
                                    457      362      226      294      168      295      341      524      475 |      3142
                                    263      225      132      172      135      206      198      343      305 |      1979
                                    210      160       94      155       99      187      173      306      263 |      1647
                  SamuelPR_RSL      205      156      123      155      107      160      166      344      272 |      1688
                                    191      184      113      150      112      168      206      344      260 |      1728
                                    261      221      154      180      118      204      263      440      341 |      2182
                                    376      340      186      264      213      334      363      767      614 |      3457
                                   1343     1542      837     1279      961     1782     2200     6287     7747 |     23978

                    SUM            8402     4997     3048     3843     2647     4340     4866    10673    11443 |     54259
                                                       OBSERVATION
                                   5111     1786     1188     1167      710      996      943     1290     1192 |     14383
                                    501      383      205      296      208      296      315      551      455 |      3210
                                    253      208      126      187      108      199      234      385      290 |      1990
                                    197      179      114      138       92      184      171      317      269 |      1661
           SamuelPR_RSL_forest      202      182      127      152      125      173      220      340      236 |      1757
                                    182      168      114      179      115      178      205      384      257 |      1782
                                    250      210      128      167      116      233      219      396      329 |      2048
                                    401      329      201      292      198      319      410      734      657 |      3541
                                   1305     1552      845     1265      975     1762     2149     6276     7758 |     23887

                    SUM            8402     4997     3048     3843     2647     4340     4866    10673    11443 |     54259
                                                       OBSERVATION
                                   5210     1809     1204     1156      748      976      938     1283     1180 |     14504
                                    458      365      226      306      211      362      338      535      470 |      3271
                                    246      207      121      181      100      206      202      384      300 |      1947
                                    212      190       98      161       91      169      200      307      229 |      1657
           SamPR_RSL_lowvegoff      184      173      107      162      104      163      181      342      249 |      1665
                                    202      169      115      156      107      190      200      357      282 |      1778
                                    235      201      133      168      131      221      231      430      382 |      2132
                                    401      349      188      279      181      313      385      710      593 |      3399
                                   1254     1534      856     1274      974     1740     2191     6325     7758 |     23906

                    SUM            8402     4997     3048     3843     2647     4340     4866    10673    11443 |     54259

