 <pre>

 Contingency table for Visibility (m)
 Selection: Sweden    141 stations
Period: 20220702-20220709
Used {00,12} + 00 01 ... 48
 Limits    1000.00000       5000.00000       10000.0000       20000.0000    
 Each class is data <= limit, the very last > last limit
 Total number of values       30105
                                     OBSERVATION
                                      4       12       15       13       22 |        66
                                     43      194      202      431     1280 |      2150
 cy46h_SURFEX_offline_SamuelPR       28       72      108      277     1969 |      2454
                                     20       60      135      479     5597 |      6291
                                     16       97      166      884    17981 |     19144

                    SUM             111      435      626     2084    26849 |     30105
                                     OBSERVATION
                                      4        8       12       12       30 |        66
                                     51      201      207      449     1440 |      2348
cy46h_SURFEX_offline_SamuelPR_       18       70       99      254     1836 |      2277
                                     23       64      151      483     5582 |      6303
                                     15       92      157      886    17961 |     19111

                    SUM             111      435      626     2084    26849 |     30105
                                     OBSERVATION
                                      4        8       10       13       29 |        64
                                     51      191      197      426     1379 |      2244
cy46h_SURFEX_offline_SamuelPR_       21       74      117      268     1831 |      2311
                                     22       68      133      517     5607 |      6347
                                     13       94      169      860    18003 |     19139

                    SUM             111      435      626     2084    26849 |     30105
                                     OBSERVATION
                                      6        8       10       10       29 |        63
                                     43      207      189      401     1300 |      2140
cy46h_sfxoff_SamPR_RSL_lowvego       24       73       99      278     1762 |      2236
                                     23       54      155      492     5438 |      6162
                                     15       93      173      903    18320 |     19504

                    SUM             111      435      626     2084    26849 |     30105

