 <pre>

 Contingency table for Rh2m (%)
 Selection: MCPATCH2gt075    217 stations
Period: 20220702-20220709
Used {00,12} + 00 01 ... 48
 Limits    30.0000000       50.0000000       65.0000000       75.0000000       85.0000000       95.0000000       100.000000    
 Each class is data <= limit, the very last > last limit
 Total number of values       43907
                                              OBSERVATION
                                     37      263       35        6        2        1        0        0 |       344
                                     34     3116     1589      226       86       32       21        0 |      5104
                                      1     1256     4683     1873      648      373       67        0 |      8901
                      SamuelPR        0      185     1934     2473     1659      747      163        0 |      7161
                                      0       60      716     1736     2889     1916      504        0 |      7821
                                      0       20      306      845     2440     4689     1947        0 |     10247
                                      0        0       20       71      435     1578     2150        0 |      4254
                                      0        0        0        3       10       22       40        0 |        75

                    SUM              72     4900     9283     7233     8169     9358     4892        0 |     43907
                                              OBSERVATION
                                     33      245       32        5        2        0        0        0 |       317
                                     36     3169     1618      242      100       47       20        0 |      5232
                                      3     1220     4746     1867      692      352       78        0 |      8958
                  SamuelPR_RSL        0      171     1854     2510     1656      766      163        0 |      7120
                                      0       72      752     1777     2867     1946      497        0 |      7911
                                      0       21      269      755     2380     4573     1867        0 |      9865
                                      0        2       12       75      460     1641     2191        0 |      4381
                                      0        0        0        2       12       33       76        0 |       123

                    SUM              72     4900     9283     7233     8169     9358     4892        0 |     43907
                                              OBSERVATION
                                     33      246       34        4        2        0        0        0 |       319
                                     36     3155     1606      234      101       32       20        0 |      5184
                                      3     1242     4681     1857      705      389       72        0 |      8949
           SamuelPR_RSL_forest        0      182     1961     2515     1670      747      161        0 |      7236
                                      0       53      728     1793     2910     2039      520        0 |      8043
                                      0       21      258      754     2334     4594     1908        0 |      9869
                                      0        1       15       74      434     1529     2140        0 |      4193
                                      0        0        0        2       13       28       71        0 |       114

                    SUM              72     4900     9283     7233     8169     9358     4892        0 |     43907
                                              OBSERVATION
                                     33      292       42        5        2        0        0        0 |       374
                                     36     3246     1825      280      105       44       26        0 |      5562
                                      3     1138     4729     1969      732      390       80        0 |      9041
           SamPR_RSL_lowvegoff        0      146     1758     2497     1727      804      185        0 |      7117
                                      0       63      676     1697     2915     2044      516        0 |      7911
                                      0       15      237      724     2276     4623     1986        0 |      9861
                                      0        0       16       58      399     1427     2034        0 |      3934
                                      0        0        0        3       13       26       65        0 |       107

                    SUM              72     4900     9283     7233     8169     9358     4892        0 |     43907

