 <pre>

 Contingency table for Visibility (m)
 Selection: Scandinavia    416 stations
Period: 20220702-20220709
Used {00,12} + 00 01 ... 48
 Limits    1000.00000       5000.00000       10000.0000       20000.0000    
 Each class is data <= limit, the very last > last limit
 Total number of values       81789
                                     OBSERVATION
                                     13       28       34       77       44 |       196
                                    153      499      624     1835     2176 |      5287
 cy46h_SURFEX_offline_SamuelPR      111      246      491     2249     3650 |      6747
                                    118      301      816     5142    11972 |     18349
                                    136      390     1301     9978    39405 |     51210

                    SUM             531     1464     3266    19281    57247 |     81789
                                     OBSERVATION
                                     18       27       35      104       60 |       244
                                    178      532      694     2095     2604 |      6103
cy46h_SURFEX_offline_SamuelPR_       82      223      461     2132     3490 |      6388
                                    123      298      783     5000    11789 |     17993
                                    130      384     1293     9950    39304 |     51061

                    SUM             531     1464     3266    19281    57247 |     81789
                                     OBSERVATION
                                     20       27       37       97       57 |       238
                                    176      509      649     1995     2403 |      5732
cy46h_SURFEX_offline_SamuelPR_       89      237      509     2161     3501 |      6497
                                    117      306      782     5139    11902 |     18246
                                    129      385     1289     9889    39384 |     51076

                    SUM             531     1464     3266    19281    57247 |     81789
                                     OBSERVATION
                                     17       26       32       83       57 |       215
                                    162      495      642     1866     2292 |      5457
cy46h_sfxoff_SamPR_RSL_lowvego       95      259      468     2104     3371 |      6297
                                    132      295      776     4973    11559 |     17735
                                    125      389     1348    10255    39968 |     52085

                    SUM             531     1464     3266    19281    57247 |     81789

