 <pre>

 Contingency table for Rh2m (%)
 Selection: Scandinavia    710 stations
Period: 20220702-20220709
Used {00,12} + 00 01 ... 48
 Limits    30.0000000       50.0000000       65.0000000       75.0000000       85.0000000       95.0000000       100.000000    
 Each class is data <= limit, the very last > last limit
 Total number of values      145970
                                              OBSERVATION
                                     45      464       48        3        3        1        0        0 |       564
                                     77     8419     4465      600      239      111       12        0 |     13923
                                      2     3946    16038     6870     2158      942      145        0 |     30101
 cy46h_SURFEX_offline_SamuelPR        0      511     5900    10404     7374     2501      465        0 |     27155
                                      0      147     2028     6015    11986     7414     1441        0 |     29031
                                      0       42      782     2398     7842    15582     5794        0 |     32440
                                      0        0       55      238     1484     4650     6135        0 |     12562
                                      0        0        0        3       26       67       98        0 |       194

                    SUM             124    13529    29316    26531    31112    31268    14090        0 |    145970
                                              OBSERVATION
                                     43      450       43        4        2        1        0        0 |       543
                                     78     8539     4609      630      257      129        9        0 |     14251
                                      3     3860    15991     6870     2204      954      156        0 |     30038
cy46h_SURFEX_offline_SamuelPR_        0      465     5761    10329     7280     2440      465        0 |     26740
                                      0      160     2088     6092    11861     7135     1361        0 |     28697
                                      0       54      772     2341     7846    15324     5373        0 |     31710
                                      0        1       52      262     1622     5179     6516        0 |     13632
                                      0        0        0        3       40      106      210        0 |       359

                    SUM             124    13529    29316    26531    31112    31268    14090        0 |    145970
                                              OBSERVATION
                                     43      428       38        3        3        0        0        0 |       515
                                     78     8553     4617      618      261      112        9        0 |     14248
                                      3     3880    15908     6871     2203      967      144        0 |     29976
cy46h_SURFEX_offline_SamuelPR_        0      466     5933    10437     7326     2463      465        0 |     27090
                                      0      155     2034     6072    12137     7427     1408        0 |     29233
                                      0       46      738     2293     7621    15429     5612        0 |     31739
                                      0        1       48      233     1523     4784     6285        0 |     12874
                                      0        0        0        4       38       86      167        0 |       295

                    SUM             124    13529    29316    26531    31112    31268    14090        0 |    145970
                                              OBSERVATION
                                     53      596       58        8        9        2        0        0 |       726
                                     68     8992     5460      768      287      136       14        0 |     15725
                                      3     3355    15811     7255     2386     1035      166        0 |     30011
cy46h_sfxoff_SamPR_RSL_lowvego        0      401     5392    10354     7490     2593      520        0 |     26750
                                      0      143     1845     5802    12061     7521     1441        0 |     28813
                                      0       42      700     2119     7462    15457     5607        0 |     31387
                                      0        0       50      215     1375     4425     6159        0 |     12224
                                      0        0        0       10       42       99      183        0 |       334

                    SUM             124    13529    29316    26531    31112    31268    14090        0 |    145970

