 <pre>

 Contingency table for Visibility (m)
 Selection: Finland     73 stations
Period: 20220702-20220709
Used {00,12} + 00 01 ... 48
 Limits    1000.00000       5000.00000       10000.0000       20000.0000    
 Each class is data <= limit, the very last > last limit
 Total number of values       15312
                                     OBSERVATION
                                      2        0        0        3        0 |         5
                                     34       25       23      194      424 |       700
                      SamuelPR        7       12       18      205      653 |       895
                                     13       11       41      449     1996 |      2510
                                     14       32       75     1858     9223 |     11202

                    SUM              70       80      157     2709    12296 |     15312
                                     OBSERVATION
                                      7        0        0        4        4 |        15
                                     29       25       31      247      543 |       875
                  SamuelPR_RSL       12        9       18      192      674 |       905
                                      9        9       33      456     1890 |      2397
                                     13       37       75     1810     9185 |     11120

                    SUM              70       80      157     2709    12296 |     15312
                                     OBSERVATION
                                      4        0        0        6        3 |        13
                                     37       29       26      220      479 |       791
           SamuelPR_RSL_forest        6        6       24      199      678 |       913
                                     12       11       35      460     1914 |      2432
                                     11       34       72     1824     9222 |     11163

                    SUM              70       80      157     2709    12296 |     15312
                                     OBSERVATION
                                      3        0        0        3        5 |        11
                                     35       25       23      223      470 |       776
           SamPR_RSL_lowvegoff        9        9       21      181      652 |       872
                                     11       10       33      429     1867 |      2350
                                     12       36       80     1873     9302 |     11303

                    SUM              70       80      157     2709    12296 |     15312

