 <pre>

 Contingency table for Visibility (m)
 Selection: MCPATCH1gt075    247 stations
Period: 20220702-20220709
Used {00,12} + 00 01 ... 48
 Limits    1000.00000       5000.00000       10000.0000       20000.0000    
 Each class is data <= limit, the very last > last limit
 Total number of values       47793
                                     OBSERVATION
                                     59       22       15       47       10 |       153
                                    125      441      545     1201      836 |      3148
 cy46h_SURFEX_offline_SamuelPR       66      322      703     1757     2500 |      5348
                                     37      436     1204     3925     8647 |     14249
                                     36      284     1808     6655    16112 |     24895

                    SUM             323     1505     4275    13585    28105 |     47793
                                     OBSERVATION
                                     63       26       22       62       13 |       186
                                    130      509      672     1478     1184 |      3973
cy46h_SURFEX_offline_SamuelPR_       64      294      620     1675     2416 |      5069
                                     26      387     1170     3768     8417 |     13768
                                     40      289     1791     6602    16075 |     24797

                    SUM             323     1505     4275    13585    28105 |     47793
                                     OBSERVATION
                                     66       23       20       66       10 |       185
                                    126      465      578     1332      921 |      3422
cy46h_SURFEX_offline_SamuelPR_       61      316      693     1732     2517 |      5319
                                     33      416     1156     3874     8498 |     13977
                                     37      285     1828     6581    16159 |     24890

                    SUM             323     1505     4275    13585    28105 |     47793
                                     OBSERVATION
                                     51       22       21       59       13 |       166
                                    140      453      580     1269      917 |      3359
cy46h_sfxoff_SamPR_RSL_lowvego       55      339      640     1686     2371 |      5091
                                     37      396     1185     3773     8346 |     13737
                                     40      295     1849     6798    16458 |     25440

                    SUM             323     1505     4275    13585    28105 |     47793

