 <pre>

 Contingency table for Cloud cover (octas)
 Selection: below_300m    574 stations
Period: 20220702-20220709
Used {00,12} + 01 02 ... 48
 Limits   0.500000000       1.50000000       2.50000000       3.50000000       4.50000000       5.50000000       6.50000000       7.50000000    
 Each class is data <= limit, the very last > last limit
 Total number of values       93240
                                                       OBSERVATION
                                   7645     2992     2542     2068     1318     1960     2237     2014     2500 |     25276
                                    745      492      471      472      337      524      716      855      963 |      5575
                                    373      256      226      296      222      362      483      513      627 |      3358
                                    294      240      185      253      182      283      378      449      502 |      2766
 cy46h_SURFEX_offline_SamuelPR      293      234      201      239      186      321      386      523      564 |      2947
                                    293      209      239      263      191      314      404      508      624 |      3045
                                    364      305      242      308      193      366      552      719      801 |      3850
                                    576      423      392      450      357      570      903     1179     1435 |      6285
                                   1782     1717     1348     1676     1316     2598     4239     9608    15854 |     40138

                    SUM           12365     6868     5846     6025     4302     7298    10298    16368    23870 |     93240
                                                       OBSERVATION
                                   7617     2982     2586     2135     1304     1941     2215     2050     2471 |     25301
                                    696      470      438      462      327      506      710      783      918 |      5310
                                    361      288      254      263      210      365      458      497      572 |      3268
                                    307      221      182      240      195      339      389      460      565 |      2898
cy46h_SURFEX_offline_SamuelPR_      307      198      196      244      169      300      358      507      565 |      2844
                                    280      231      219      236      195      295      437      545      616 |      3054
                                    386      280      289      306      211      375      582      727      822 |      3978
                                    585      444      376      436      370      582      876     1236     1436 |      6341
                                   1826     1754     1306     1703     1321     2595     4273     9563    15905 |     40246

                    SUM           12365     6868     5846     6025     4302     7298    10298    16368    23870 |     93240
                                                       OBSERVATION
                                   7661     2957     2571     2083     1278     1898     2216     2020     2520 |     25204
                                    719      508      429      479      377      531      660      821      959 |      5483
                                    359      267      229      274      189      355      477      542      592 |      3284
                                    283      240      205      230      173      335      409      489      553 |      2917
cy46h_SURFEX_offline_SamuelPR_      304      234      219      263      185      289      428      525      528 |      2975
                                    262      211      197      248      227      328      429      569      589 |      3060
                                    383      271      276      297      212      430      555      694      782 |      3900
                                    597      421      379      443      330      547      930     1199     1544 |      6390
                                   1797     1759     1341     1708     1331     2585     4194     9509    15803 |     40027

                    SUM           12365     6868     5846     6025     4302     7298    10298    16368    23870 |     93240
                                                       OBSERVATION
                                   7786     2961     2570     2067     1310     1911     2197     1984     2462 |     25248
                                    673      481      466      501      362      572      720      792      945 |      5512
                                    363      267      248      268      191      363      461      551      599 |      3311
                                    297      237      180      259      158      306      409      455      521 |      2822
cy46h_sfxoff_SamPR_RSL_lowvego      283      227      198      245      171      292      382      555      559 |      2912
                                    279      215      211      229      196      324      423      556      626 |      3059
                                    358      281      260      305      230      384      545      714      838 |      3915
                                    596      451      370      467      343      570      895     1174     1448 |      6314
                                   1730     1748     1343     1684     1341     2576     4266     9587    15872 |     40147

                    SUM           12365     6868     5846     6025     4302     7298    10298    16368    23870 |     93240

