 <pre>

 Contingency table for Visibility (m)
 Selection: FinlandSouth     78 stations
Period: 20220702-20220709
Used {00,12} + 00 01 ... 48
 Limits    1000.00000       5000.00000       10000.0000       20000.0000    
 Each class is data <= limit, the very last > last limit
 Total number of values       16205
                                     OBSERVATION
                                      2        0        0        4        0 |         6
                                     23       22       23      124      355 |       547
                      SamuelPR       12       14       26      189      761 |      1002
                                      7       18       50      346     2275 |      2696
                                      7       33       82     1332    10500 |     11954

                    SUM              51       87      181     1995    13891 |     16205
                                     OBSERVATION
                                      3        1        0        3        3 |        10
                                     21       25       29      168      471 |       714
                  SamuelPR_RSL       13       13       31      153      775 |       985
                                      6       12       40      349     2177 |      2584
                                      8       36       81     1322    10465 |     11912

                    SUM              51       87      181     1995    13891 |     16205
                                     OBSERVATION
                                      1        0        0        5        2 |         8
                                     28       27       26      148      432 |       661
           SamuelPR_RSL_forest        8       10       37      166      774 |       995
                                      7       17       43      344     2178 |      2589
                                      7       33       75     1332    10505 |     11952

                    SUM              51       87      181     1995    13891 |     16205
                                     OBSERVATION
                                      1        0        0        3        4 |         8
                                     25       23       25      140      424 |       637
           SamPR_RSL_lowvegoff       11       12       29      147      732 |       931
                                      7       16       42      360     2141 |      2566
                                      7       36       85     1345    10590 |     12063

                    SUM              51       87      181     1995    13891 |     16205

