 <pre>

 Contingency table for Visibility (m)
 Selection: BalticStates     75 stations
Period: 20220702-20220709
Used {00,12} + 00 01 ... 48
 Limits    1000.00000       5000.00000       10000.0000       20000.0000    
 Each class is data <= limit, the very last > last limit
 Total number of values       14509
                                     OBSERVATION
                                      7        9        5       20        1 |        42
                                     46      114      193      871       86 |      1310
                      SamuelPR       34       57      195     1360      171 |      1817
                                     16       42      212     3256      513 |      4039
                                     37       59      269     4866     2070 |      7301

                    SUM             140      281      874    10373     2841 |     14509
                                     OBSERVATION
                                      6        7        9       39        2 |        63
                                     57      123      229     1005      110 |      1524
                  SamuelPR_RSL       21       46      179     1301      167 |      1714
                                     21       51      173     3135      502 |      3882
                                     35       54      284     4893     2060 |      7326

                    SUM             140      281      874    10373     2841 |     14509
                                     OBSERVATION
                                     11       10       11       38        2 |        72
                                     46      117      216      969      103 |      1451
           SamuelPR_RSL_forest       27       56      191     1325      159 |      1758
                                     23       47      191     3198      517 |      3976
                                     33       51      265     4843     2060 |      7252

                    SUM             140      281      874    10373     2841 |     14509
                                     OBSERVATION
                                      7        8       11       34        1 |        61
                                     50      108      217      902       88 |      1365
           SamPR_RSL_lowvegoff       23       62      182     1276      173 |      1716
                                     27       45      183     3085      496 |      3836
                                     33       58      281     5076     2083 |      7531

                    SUM             140      281      874    10373     2841 |     14509

