 <pre>

 Contingency table for Cloud cover (octas)
 Selection: MCPATCH1gt075    218 stations
Period: 20220702-20220709
Used {00,12} + 01 02 ... 48
 Limits   0.500000000       1.50000000       2.50000000       3.50000000       4.50000000       5.50000000       6.50000000       7.50000000    
 Each class is data <= limit, the very last > last limit
 Total number of values       36476
                                                       OBSERVATION
                                   2819      981      988      707      516      724      795      777      945 |      9252
                                    263      152      181      174      133      197      290      347      382 |      2119
                                    125       82       85      104       80      144      186      196      236 |      1238
                                    111       73       82       92       76       98      147      173      220 |      1072
                      SamuelPR      110       67       80       75       70      115      151      208      257 |      1133
                                     94       60       93       82       93      129      148      204      242 |      1145
                                    156       93       93      113       78      142      210      284      336 |      1505
                                    226      130      150      172      143      213      346      462      647 |      2489
                                    689      486      552      538      483      928     1762     3765     7320 |     16523

                    SUM            4593     2124     2304     2057     1672     2690     4035     6416    10585 |     36476
                                                       OBSERVATION
                                   2763      980      995      718      529      716      786      804      918 |      9209
                                    259      147      192      179      128      192      259      301      370 |      2027
                                    114       88       99      100       80      145      180      176      212 |      1194
                                    115       68       74       94       72      137      160      176      234 |      1130
                  SamuelPR_RSL      128       61       81       78       62      116      135      197      235 |      1093
                                    106       71       90       74       80      118      160      207      256 |      1162
                                    156       90      110      117       87      133      228      296      370 |      1587
                                    237      145      157      172      149      209      347      487      640 |      2543
                                    715      474      506      525      485      924     1780     3772     7350 |     16531

                    SUM            4593     2124     2304     2057     1672     2690     4035     6416    10585 |     36476
                                                       OBSERVATION
                                   2789      983     1011      696      505      716      817      786      969 |      9272
                                    268      155      177      196      147      203      236      283      346 |      2011
                                    128       80       91       95       70      144      193      209      232 |      1242
                                    111       68       84       85       71      121      161      181      227 |      1109
           SamuelPR_RSL_forest      111       76       89       92       68       96      157      212      217 |      1118
                                     91       51       68       79       95      124      163      212      269 |      1152
                                    152       88      119      109       85      166      191      281      342 |      1533
                                    232      136      150      176      132      196      371      496      684 |      2573
                                    711      487      515      529      499      924     1746     3756     7299 |     16466

                    SUM            4593     2124     2304     2057     1672     2690     4035     6416    10585 |     36476
                                                       OBSERVATION
                                   2828      972     1017      698      509      707      795      777      917 |      9220
                                    255      154      176      191      144      211      270      305      374 |      2080
                                    133       76       93       93       77      128      173      193      237 |      1203
                                    100       68       76       95       53      115      158      174      227 |      1066
           SamPR_RSL_lowvegoff      119       61       83       83       70      112      136      214      245 |      1123
                                     98       70       89       70       80      124      170      216      262 |      1179
                                    144       92       95      119       89      143      206      292      353 |      1533
                                    240      146      155      176      152      206      367      461      665 |      2568
                                    676      485      520      532      498      944     1760     3784     7305 |     16504

                    SUM            4593     2124     2304     2057     1672     2690     4035     6416    10585 |     36476

